class: 1 0.89
class: 2 0.30
class: 3 0.56
class: 4 0.76
class: 5 0.15
class: 6 0.71
class: 7 0.68
class: 8 0.41
class: 9 0.49
class: 10 0.81
class: 11 0.25
class: 12 0.77
class: 13 0.40
class: 14 0.44
class: 15 0.60
class: 16 0.60
class: 17 0.54
class: 18 0.68
class: 19 0.57
class: 20 0.32
class: 21 0.71
class: 22 0.70
class: 23 0.88
class: 24 0.59
class: 25 0.47
class: 26 0.35
#count

1	7
2	5
3	4
4	8
5	5
6	6
7	9
8	6
9	4
10	8
11	4
12	4
13	4
14	4
15	6
16	5
17	7
18	8
19	7
20	6
21	6
22	5
23	7
24	8
25	4
26	3


#occurence
1 2
2 13
3 24
4 4
5 11
6 3
7 15
8 30
9 43
10 8
11 51
12 37
13 19
14 23
15 9
16 26
17 17
18 20
19 18
20 1
21 29
22 50
23 5
24 6
25 68
26 72

789 A
766 B
736 C
805 D
768 E
775 F
773 G
734 H
755 I
747 J
739 K
761 L
792 M
783 N
753 O
803 P
783 Q
758 R
748 S
796 T
813 U
764 V
752 W
787 X
786 Y
734 Z

