NumberOfSamples	1	2	3	4	5	
1-1	1.0000	0.0000	0.0000	0.0000	0.0000
2-2	0.8890	0.0884	0.0000	0.0000	0.0000
3-2	0.3783	0.5902	0.0000	0.0000	0.0000
4-4	0.3133	0.8532	0.0000	0.0230	0.0000
5-5	0.3941	0.7339	0.0000	0.0230	0.0526
6-5	0.3278	0.6361	0.0000	0.0115	0.2566
7-4	0.4108	0.6024	0.0000	0.2093	0.1681
8-1	0.5985	0.3853	0.0000	0.1977	0.1504
9-3	0.6107	0.3670	0.3333	0.2093	0.0973
10-2	0.6023	0.5951	0.2222	0.0930	0.1150
11-3	0.5477	0.7362	0.4615	0.1860	0.0708
12-5	0.6029	0.4816	0.5000	0.2326	0.0893
13-1	0.8784	0.3804	0.5000	0.0349	0.0536
14-5	0.7542	0.4877	0.4615	0.0698	0.6306
15-3	0.7523	0.4417	0.5200	0.1628	0.6126
16-1	0.8668	0.3804	0.5200	0.1512	0.5045
17-1	0.8580	0.3988	0.5200	0.1977	0.4054
18-2	0.8515	0.7354	0.5200	0.0814	0.3874
19-1	0.9191	0.7200	0.5200	0.0465	0.3784
20-5	0.8783	0.6615	0.5200	0.1628	0.4091
21-2	0.8296	0.4969	0.5200	0.2674	0.4000
22-1	0.8812	0.4105	0.5200	0.1744	0.3909
23-1	0.9525	0.4012	0.5200	0.2907	0.3909
24-1	0.9912	0.2809	0.5200	0.2907	0.4000
25-2	0.9725	0.3065	0.5600	0.2791	0.4091
26-4	0.9780	0.3622	0.5200	0.3176	0.4000
27-4	0.9664	0.4118	0.4800	0.9167	0.3909
28-5	0.9537	0.5046	0.5200	0.9048	0.6697
29-1	0.9555	0.4520	0.4800	0.9048	0.6239
30-1	0.9496	0.4830	0.4800	0.9048	0.5688
31-1	0.9747	0.4458	0.4800	0.9048	0.5321
32-1	0.9859	0.3622	0.4800	0.9048	0.4037
33-3	0.9835	0.4118	0.6667	0.9048	0.4037
34-1	0.9896	0.3220	0.6667	0.9048	0.4220
35-5	0.9814	0.3344	0.6667	0.9048	0.5370
36-1	0.9855	0.3777	0.6667	0.9048	0.4630
37-1	0.9875	0.4025	0.6667	0.9048	0.4722
38-2	0.9855	0.4720	0.6667	0.9048	0.4907
39-1	0.9871	0.4193	0.6250	0.9048	0.3981
40-1	0.9924	0.3354	0.6667	0.8810	0.4537
41-2	0.9943	0.3801	0.6667	0.7976	0.3981
42-2	0.9922	0.3844	0.6250	0.8571	0.4537
43-5	0.9910	0.3563	0.6667	0.5476	0.4766
44-1	0.9920	0.4156	0.6667	0.5833	0.4673
45-1	0.9928	0.3563	0.5833	0.8690	0.4766
46-3	0.9926	0.4500	0.6522	0.8571	0.4112
47-2	0.9926	0.4671	0.6522	0.5476	0.4299
48-2	0.9902	0.5440	0.6522	0.5476	0.4393
49-1	0.9920	0.5629	0.6522	0.4762	0.4579
50-5	0.9714	0.5566	0.6087	0.4762	0.6321
51-3	0.9747	0.5189	0.6364	0.4762	0.5472
52-1	0.9892	0.5440	0.6364	0.4643	0.4906
53-5	0.9720	0.5283	0.6364	0.4762	0.5905
54-1	0.9740	0.5472	0.6364	0.4762	0.6476
55-1	0.9755	0.5472	0.6364	0.4643	0.5905
56-5	0.9742	0.5472	0.6364	0.5238	0.5865
57-1	0.9744	0.5220	0.6364	0.5476	0.6250
58-2	0.9720	0.5615	0.6364	0.4405	0.6154
59-4	0.9781	0.4543	0.6364	0.5422	0.5385
60-1	0.9736	0.4795	0.6364	0.5422	0.6154
61-5	0.9685	0.4826	0.6364	0.8554	0.6699
62-1	0.9707	0.4448	0.6364	0.5783	0.6602
63-4	0.9675	0.4101	0.6364	0.9512	0.6602
64-1	0.9689	0.4227	0.6364	0.9390	0.6505
65-1	0.9681	0.4069	0.6364	0.9512	0.6117
66-1	0.9724	0.4700	0.6364	0.9512	0.6214
67-1	0.9709	0.4795	0.6364	0.9512	0.6019
68-1	0.9684	0.4669	0.6364	0.9268	0.6311
69-1	0.9779	0.4101	0.6364	0.9390	0.6214
70-1	0.9777	0.4290	0.6364	0.9512	0.6214
71-2	0.9721	0.7563	0.6364	0.9634	0.6019
72-1	0.9781	0.6266	0.6364	0.9512	0.5825
73-2	0.9699	0.6476	0.6364	0.9634	0.6117
74-5	0.9725	0.6159	0.6364	0.9390	0.6471
75-1	0.9711	0.6254	0.6364	0.9390	0.6471
76-2	0.9694	0.6115	0.6364	0.9512	0.6471
77-1	0.9785	0.6306	0.6364	0.9146	0.6667
78-1	0.9774	0.5223	0.6364	0.8902	0.6471
79-5	0.9801	0.5318	0.6364	0.8902	0.6436
80-2	0.9813	0.6677	0.6364	0.8780	0.6535
81-1	0.9850	0.6709	0.6364	0.8902	0.6337
82-5	0.9783	0.6773	0.6364	0.8902	0.6600
83-1	0.9846	0.6677	0.6364	0.8780	0.6600
84-1	0.9828	0.6070	0.5000	0.8780	0.6600
85-1	0.9830	0.6709	0.5000	0.8780	0.6500
86-3	0.9807	0.6773	0.5714	0.8780	0.6700
87-1	0.9860	0.6933	0.5238	0.8659	0.6500
88-1	0.9879	0.6613	0.5238	0.8902	0.6400
89-2	0.9809	0.7244	0.5238	0.8659	0.6600
90-3	0.9819	0.7404	0.5000	0.8659	0.6600
91-1	0.9854	0.7340	0.5000	0.8902	0.6500
92-1	0.9864	0.7500	0.5000	0.8659	0.6400
93-1	0.9829	0.6859	0.5000	0.8780	0.6600
94-1	0.9827	0.7340	0.5000	0.8659	0.6700
95-1	0.9868	0.7212	0.4500	0.8902	0.6700
96-1	0.9842	0.7468	0.5000	0.8780	0.6600
97-1	0.9848	0.7179	0.5000	0.8780	0.6600
98-3	0.9856	0.6763	0.4737	0.8659	0.6600
99-5	0.9866	0.7308	0.4737	0.8780	0.6566
100-1	0.9825	0.6731	0.4737	0.8902	0.6768
101-1	0.9872	0.7212	0.4211	0.8780	0.6768
102-1	0.9854	0.7340	0.4211	0.8902	0.6667
103-2	0.9860	0.8103	0.4211	0.8902	0.6465
104-1	0.9876	0.7910	0.4211	0.8659	0.6566
105-1	0.9858	0.8071	0.4211	0.8780	0.6566
106-2	0.9858	0.8677	0.4211	0.8659	0.6566
107-1	0.9876	0.8548	0.3684	0.8902	0.6566
108-1	0.9835	0.8581	0.4211	0.8902	0.6667
109-1	0.9850	0.8581	0.4211	0.8780	0.6566
110-2	0.9804	0.8706	0.4211	0.8659	0.6768
111-1	0.9823	0.8706	0.4211	0.8780	0.6566
112-5	0.9759	0.8641	0.4211	0.8902	0.7041
113-5	0.9765	0.8673	0.4211	0.8902	0.7010
114-1	0.9839	0.8608	0.4211	0.8780	0.7113
115-1	0.9829	0.8511	0.4211	0.8537	0.6082
116-2	0.9866	0.8669	0.4211	0.8659	0.5876
117-2	0.9852	0.8827	0.4211	0.8780	0.6186
118-2	0.9829	0.8889	0.4211	0.8659	0.5979
119-1	0.9868	0.8889	0.4211	0.8537	0.5670
120-5	0.9831	0.8889	0.4211	0.8415	0.6042
121-1	0.9821	0.8889	0.4211	0.8659	0.6250
122-2	0.9816	0.8885	0.4211	0.8659	0.6250
123-1	0.9849	0.8885	0.4211	0.8537	0.6146
124-1	0.9849	0.8885	0.4211	0.8780	0.6250
125-5	0.9808	0.8885	0.3684	0.8537	0.6526
126-2	0.9752	0.9211	0.4211	0.8537	0.6842
127-1	0.9837	0.9145	0.3684	0.8537	0.6842
128-1	0.9880	0.9178	0.3684	0.8659	0.6737
129-3	0.9874	0.9178	0.3889	0.8537	0.6842
130-1	0.9886	0.9178	0.3889	0.8537	0.6632
131-1	0.9847	0.9046	0.3889	0.8293	0.6842
132-4	0.9862	0.9046	0.3889	0.8642	0.6737
133-1	0.9849	0.8980	0.3889	0.8889	0.5895
134-1	0.9878	0.9013	0.3889	0.8642	0.6000
135-2	0.9826	0.9175	0.3889	0.8765	0.6211
136-3	0.9857	0.9142	0.4118	0.8519	0.6000
137-1	0.9878	0.9208	0.4118	0.8642	0.5789
138-5	0.9839	0.9208	0.4118	0.8519	0.6383
139-2	0.9810	0.9205	0.4118	0.8642	0.6383
140-2	0.9822	0.9203	0.4118	0.8519	0.6702
141-5	0.9843	0.9203	0.4118	0.8519	0.6237
142-1	0.9822	0.9203	0.4118	0.8519	0.6022
143-1	0.9841	0.9037	0.4118	0.8642	0.6237
144-1	0.9849	0.9269	0.4118	0.8519	0.6237
145-5	0.9816	0.9236	0.4118	0.8642	0.6413
146-1	0.9779	0.9269	0.4118	0.8519	0.6196
147-5	0.9828	0.9269	0.4118	0.7037	0.6264
148-4	0.9770	0.9269	0.4118	0.8375	0.6484
149-2	0.9833	0.9300	0.4118	0.8500	0.6374
150-2	0.9760	0.9298	0.4118	0.8500	0.6374
