NumberOfSamples	CYT	ERL	EXC	ME1	ME2	ME3	MIT	NUC	POX	VAC	
1-8	0.0000	0.0000	0.0000	0.0000	0.0000	0.0000	0.6650	0.0000	0.0000	0.0000
2-1	0.0000	0.0000	0.0000	0.0000	0.0000	0.0000	0.3050	0.2600	0.0000	0.0000
3-1	1.0000	0.0000	0.0000	0.0000	0.0000	0.0000	0.0000	0.0000	0.0000	0.0000
4-8	0.4600	0.0000	0.0000	0.0000	0.0000	0.0000	0.1350	0.1250	0.0000	0.0000
5-8	0.1200	0.0000	0.0000	0.0000	0.0000	0.0000	0.2700	0.6700	0.0000	0.0000
6-4	0.0000	0.0000	0.0000	0.0000	0.0000	0.0000	0.2050	0.5100	0.0000	0.0000
7-7	0.0100	0.0000	0.0000	0.2600	0.0000	0.0000	0.1300	0.4000	0.0000	0.0000
8-8	0.0500	0.0000	0.0000	0.0300	0.0000	0.0000	0.1050	0.8400	0.0000	0.0000
9-4	0.0000	0.0000	0.0000	0.3900	0.0000	0.0000	0.4050	0.5850	0.0000	0.0000
10-1	1.3000	0.0000	0.0000	0.0000	0.0000	0.0000	0.0150	0.5400	0.0000	0.0000
11-8	0.0900	0.0000	0.0000	0.0200	0.0000	0.0000	0.0400	0.3750	0.0000	0.0000
12-6	0.3300	0.0000	0.0000	0.3000	0.0000	0.0000	0.2000	0.6200	0.0000	0.0000
13-8	0.0000	0.0000	0.0000	0.0500	0.0000	0.1050	0.0450	1.0400	0.0000	0.0000
14-8	0.5750	0.0000	0.0000	0.0200	0.0000	0.3000	0.1000	0.4100	0.0000	0.0000
15-4	0.0000	0.0000	0.0000	1.0800	0.0000	0.0400	0.2000	0.1300	0.0000	0.0000
16-1	0.1200	0.0000	0.0000	0.0250	0.0000	0.0200	0.2200	0.4500	0.0000	0.0000
17-6	0.0250	0.0000	0.0000	0.5250	0.0000	0.1250	0.0500	0.6500	0.0000	0.0000
18-8	0.1650	0.0000	0.0000	0.1050	0.0000	0.0750	0.0500	1.1900	0.0000	0.0000
19-6	0.0100	0.0000	0.0000	0.3050	0.0000	0.9400	0.0450	0.5750	0.0000	0.0000
20-4	0.0000	0.0000	0.0000	2.5850	0.0000	0.0000	0.0000	0.0000	0.0000	0.0000
21-6	0.0000	0.0000	0.0000	1.1150	0.0000	0.6300	0.2100	0.1950	0.0000	0.0000
22-8	0.0050	0.0000	0.0000	0.0000	0.0000	0.0500	0.0350	2.6200	0.0000	0.0000
23-8	0.1150	0.0000	0.0000	0.0000	0.0000	0.0950	0.0100	2.7150	0.0000	0.0000
24-8	0.1400	0.0000	0.0000	0.0000	0.0000	0.1750	0.0400	1.4150	0.0000	0.0000
25-1	0.0250	0.0000	0.0000	0.0050	0.0000	0.1100	0.0150	3.0500	0.0000	0.0000
26-7	0.2450	0.0000	0.0000	0.0200	0.0000	0.0200	0.0800	2.4500	0.0000	0.0000
27-8	0.1000	0.0000	0.0000	0.0050	0.0000	0.1000	0.0050	1.3350	0.0000	0.0000
28-6	0.0200	0.0000	0.0000	0.0400	0.0000	0.0550	0.0500	2.4250	0.0000	0.0000
29-8	0.1200	0.0000	0.0000	0.0000	0.0000	0.0600	0.0200	2.9300	0.0000	0.0000
30-8	0.0750	0.0000	0.0000	0.0100	0.0000	0.1600	0.2200	1.2150	0.0000	0.0000
31-7	0.9200	0.0000	0.0000	0.0000	0.0000	0.0650	0.0650	1.2550	0.0000	0.0000
32-3	0.0300	0.0000	0.0000	0.8350	0.0000	0.0150	0.6050	0.8400	0.0000	0.0000
33-8	0.4100	0.0000	0.0100	0.0000	0.0000	0.0400	0.0750	0.5650	0.0000	0.0000
34-8	0.0950	0.0000	0.0050	0.0000	0.0000	0.0250	0.0050	1.4700	0.0000	0.0000
35-6	0.0550	0.0000	0.0100	0.0050	0.0000	0.6300	0.0100	2.3850	0.0000	0.0000
36-7	0.0300	0.0000	0.0150	0.2550	0.0000	0.0800	0.2100	2.0000	0.0000	0.0000
37-5	0.0300	0.0000	0.1350	0.2400	0.0000	0.1900	0.1400	0.2900	0.0000	0.0000
38-5	0.0300	0.0000	0.1550	0.0700	0.0350	0.0000	0.4300	1.7550	0.0000	0.0000
39-8	0.1000	0.0000	0.0050	0.0000	0.1200	0.0450	0.6900	0.7100	0.0000	0.0000
40-5	0.0200	0.0000	0.0250	0.0000	0.1400	0.0300	0.0300	3.1250	0.0000	0.0000
41-6	0.0200	0.0000	0.0100	0.1650	0.0200	1.7350	0.0550	0.3450	0.0000	0.0000
42-5	0.0000	0.0000	0.0400	0.2950	0.6300	0.0250	0.0450	0.8450	0.0000	0.0000
43-7	0.1100	0.0000	0.0000	0.0000	0.0000	0.0250	0.0100	1.7900	0.0000	0.0000
44-5	0.0000	0.0000	0.0250	0.7500	0.8800	0.1150	0.0000	0.0650	0.0000	0.0000
45-7	0.0150	0.0000	0.0000	0.0000	0.0150	0.1450	0.0100	2.6750	0.0000	0.0000
46-6	0.0100	0.0000	0.0000	0.0850	0.0250	2.6600	0.0000	0.1050	0.0000	0.0000
47-6	0.0000	0.0000	0.0050	0.2450	0.0000	3.5400	0.0150	0.0050	0.0000	0.0000
48-6	0.0000	0.0000	0.0000	0.4450	0.0050	3.4700	0.0150	0.0600	0.0000	0.0000
49-6	0.0000	0.0000	0.0000	0.0050	0.0050	5.4700	0.0000	0.0550	0.0000	0.0000
50-4	0.0000	0.0000	0.0050	0.9450	0.3600	2.4850	0.0100	0.0000	0.0000	0.0000
51-8	0.0850	0.0000	0.0000	0.0000	0.0400	0.0700	0.0750	2.0600	0.0000	0.0000
52-1	0.0000	0.0000	0.0000	0.0000	0.0000	0.0000	0.0000	0.0000	0.0000	0.0000
53-1	0.0050	0.0000	0.0000	0.0000	0.0200	0.0500	0.0150	3.2650	0.0000	0.0000
54-8	0.0200	0.0000	0.0000	0.0000	0.0000	4.1750	0.0350	0.4350	0.0000	0.0000
55-8	0.0950	0.0000	0.0000	0.0000	0.0950	0.1400	0.2450	0.2800	0.0000	0.0000
56-6	0.0000	0.0000	0.0000	0.0000	0.0150	3.8900	0.0400	0.5250	0.0000	0.0000
57-10	0.0100	0.0000	0.0200	0.0900	0.0050	0.3400	0.3500	0.3100	0.0000	0.0000
58-1	0.0750	0.0000	0.0000	0.0000	0.0100	0.0000	0.0300	2.8050	0.0000	0.0000
59-10	0.0050	0.0000	0.3000	0.1700	0.3500	0.0000	0.0350	0.1200	0.0000	0.0150
60-1	0.0700	0.0000	0.0050	0.0000	0.0050	0.2200	0.0500	1.0700	0.0000	0.0550
61-8	0.5900	0.0000	0.0000	0.0000	0.0000	0.0250	0.0400	0.7400	0.0000	0.0050
62-6	0.0300	0.0000	0.0000	0.0050	0.0100	1.4900	0.0450	1.3700	0.0000	0.0000
63-7	0.4100	0.0000	0.0100	0.0100	0.0700	0.0100	0.4300	0.1900	0.0000	0.0100
64-7	0.1000	0.0000	0.0050	0.0000	0.0000	0.0000	0.2700	0.2750	0.0000	0.0000
65-1	0.0250	0.0000	0.1150	0.0000	0.4600	0.0150	0.4300	0.1100	0.0000	0.0150
66-1	0.1250	0.0000	0.0000	0.0000	0.9700	0.0450	0.0150	1.1350	0.0000	0.0000
67-6	0.0100	0.0000	0.0000	0.0150	0.0500	5.2050	0.0250	0.0700	0.0000	0.0100
68-6	0.0000	0.0000	0.0000	0.0050	0.0050	6.6350	0.0050	0.0900	0.0000	0.0000
69-4	0.0000	0.0000	0.0050	0.5400	0.0100	4.2250	0.0950	0.0950	0.0000	0.0250
70-10	0.1050	0.0000	0.0000	0.6200	0.6500	0.0000	0.0300	0.2250	0.0000	0.1150
71-4	0.0000	0.0000	0.0300	3.0750	0.1550	0.8900	0.0050	0.0000	0.0000	0.0500
72-1	0.2350	0.0000	0.0150	0.0000	0.0150	0.0300	0.3600	0.3800	0.0000	0.0000
73-9	0.2550	0.0000	0.2300	0.0050	0.2950	0.0500	0.2750	0.1250	0.0000	0.0100
74-6	0.0000	0.0000	0.0000	1.4450	0.0000	2.0850	0.1150	0.1450	0.0000	0.0400
75-1	0.4200	0.0000	0.0000	0.0000	0.0000	0.0100	0.2900	0.4100	0.0000	0.0000
76-6	0.0150	0.0000	0.0000	0.0500	0.0150	5.6300	0.0050	0.0850	0.0000	0.0150
77-7	0.1350	0.0000	0.0000	0.0000	0.0550	0.0750	0.5550	0.5500	0.0000	0.0050
78-8	0.0000	0.0000	0.0000	0.4200	0.0000	6.3850	0.0050	0.0100	0.0000	0.0500
79-1	0.4650	0.0000	0.0100	0.0000	0.0100	0.0400	0.5000	0.4150	0.0300	0.0000
80-1	2.3850	0.0000	0.0050	0.0000	0.0000	0.0000	0.0000	0.0000	0.0000	0.0000
81-8	0.8650	0.0000	0.0000	0.0000	0.0000	0.0050	0.0400	0.8550	0.0000	0.0000
82-10	0.0000	0.0000	0.0000	0.0000	0.0000	7.5250	0.0000	0.0400	0.0000	0.0000
83-8	0.2350	0.0000	0.0000	0.0000	0.0200	0.0750	0.0200	2.5100	0.0000	0.0000
84-6	0.0200	0.0000	0.0000	0.0000	0.0150	1.0450	0.0700	1.1050	0.0000	0.0000
85-6	0.0450	0.0000	0.0000	0.0150	0.1550	0.3950	0.4300	0.4350	0.0050	0.0000
86-1	1.4450	0.0000	0.0000	0.0000	0.0000	0.0200	0.0550	1.3600	0.0000	0.0000
87-4	0.0000	0.0000	0.0050	3.5200	0.0750	0.0700	0.0000	0.0700	0.0000	0.0350
88-1	1.0900	0.0000	0.0000	0.0000	0.0050	0.0050	0.1250	1.0800	0.0050	0.0000
89-1	3.7950	0.0000	0.0000	0.0000	0.0000	0.0000	0.0000	0.0000	0.0000	0.0000
90-1	4.3000	0.0000	0.0000	0.0000	0.0000	0.0000	0.0000	0.0000	0.0000	0.0000
91-6	0.0000	0.0000	0.0050	0.2650	0.0100	0.3650	0.3050	0.3050	0.0000	0.0650
92-7	3.9400	0.0000	0.0050	0.0000	0.0200	0.0000	0.2350	0.2600	0.0150	0.0000
93-1	0.9800	0.0000	0.0050	0.0000	0.0000	0.0200	0.0450	2.7550	0.0000	0.0000
94-4	0.0000	0.0000	0.0050	5.0200	0.0100	0.0400	0.0200	0.0200	0.0000	0.0450
95-1	5.8650	0.0000	0.0000	0.0000	0.0000	0.0000	0.0000	0.0000	0.0000	0.0000
96-8	1.5400	0.0000	0.0000	0.0000	0.0350	0.0300	0.0100	1.7400	0.0050	0.0000
97-2	0.0000	0.0000	0.0650	1.0500	1.0500	0.0000	0.0800	0.0550	0.0050	0.1600
98-8	0.9100	0.0000	0.0000	0.0000	0.0000	0.0150	0.0550	2.8150	0.0000	0.0000
99-8	0.5500	0.0000	0.0000	0.0000	0.0100	0.0050	0.0300	3.2000	0.0000	0.0000
100-8	4.5300	0.0000	0.0050	0.0000	0.0050	0.0050	0.1000	0.5100	0.0000	0.0000
101-8	0.2700	0.0000	0.0050	0.0000	0.0150	0.0100	0.1500	3.8450	0.0050	0.0000
102-1	0.1250	0.0000	0.0000	0.0000	0.0000	0.0200	0.0250	5.6100	0.0000	0.0000
103-8	0.2200	0.0000	0.0000	0.0000	0.0000	0.0050	0.0050	1.9350	0.0000	0.0000
104-8	0.2750	0.0000	0.0500	0.0000	0.0850	0.0350	0.0250	2.6650	0.0500	0.0000
105-8	0.0300	0.0000	0.0000	0.2400	0.0050	3.8750	0.0100	0.1400	0.0000	0.0150
106-8	0.1400	0.0000	0.0000	0.0100	0.2250	0.0050	0.0100	0.2300	0.0300	0.2250
107-1	0.6650	0.0000	0.0050	0.0000	0.0100	0.0000	0.7600	0.6450	0.0200	0.0000
108-1	3.2450	0.0000	0.0000	0.0000	0.0050	0.0000	0.5700	0.3100	0.0000	0.0000
109-8	0.1700	0.0000	0.0000	0.0050	0.0000	0.0000	0.0300	0.6950	0.0000	0.0550
110-1	0.5650	0.0000	0.0100	0.0000	0.0350	0.2500	0.0100	0.5400	0.0300	0.0000
111-1	1.0150	0.0000	0.0000	0.0000	0.0100	0.0800	0.0150	1.0200	0.0000	0.0000
112-8	1.5500	0.0000	0.0000	0.0000	0.0050	0.0050	0.0000	1.4850	0.0100	0.0000
113-4	0.0000	0.0350	0.0050	4.4850	0.1300	0.0550	0.0150	0.0100	0.0000	0.0100
114-4	0.0000	0.0150	0.0050	5.6050	0.0500	0.0500	0.0050	0.0150	0.0000	0.0550
115-5	0.0000	0.0000	0.0050	4.7850	0.0600	0.0950	0.0000	0.0500	0.0000	0.0650
116-1	0.8150	0.0000	0.0000	0.0000	0.0000	0.0800	0.0500	0.8900	0.0000	0.0000
117-1	1.1550	0.0000	0.0000	0.0000	0.0050	0.0050	0.0050	1.1750	0.0050	0.0000
118-1	3.9100	0.0000	0.0050	0.0000	0.0000	0.0050	0.0350	0.1450	0.0000	0.0000
119-1	1.3650	0.0000	0.0000	0.0000	0.0000	0.0000	0.0050	1.3600	0.0000	0.0000
120-1	5.3250	0.0000	0.0000	0.0000	0.0000	0.0000	0.0000	0.0000	0.0000	0.0000
121-1	1.4800	0.0000	0.0100	0.0000	0.0200	0.0200	0.0150	1.5900	0.0450	0.0000
122-1	4.6950	0.0000	0.0000	0.0000	0.0000	0.0000	0.2500	0.1050	0.0000	0.0000
123-1	3.9000	0.0000	0.0000	0.0000	0.0000	0.0000	0.2400	0.0800	0.0000	0.0000
124-1	6.1050	0.0000	0.0000	0.0000	0.0000	0.0000	0.0650	0.0200	0.0000	0.0000
125-1	8.8550	0.0000	0.0000	0.0000	0.0000	0.0000	0.0100	0.0000	0.0000	0.0000
126-8	8.3800	0.0000	0.0000	0.0000	0.0000	0.0000	0.0000	0.0300	0.0000	0.0000
127-1	1.7750	0.0000	0.0050	0.0000	0.0050	0.1050	0.0000	2.0150	0.0100	0.0000
128-1	3.6050	0.0000	0.0000	0.0000	0.0000	0.0000	0.0000	0.0050	0.0000	0.0000
129-7	3.4450	0.0000	0.0000	0.0000	0.0000	0.0000	0.2650	0.0600	0.0000	0.0000
130-8	0.4650	0.0000	0.0000	0.0000	0.0000	0.0450	0.2400	0.4750	0.0000	0.0000
131-8	1.0950	0.0000	0.0000	0.0000	0.0000	0.0350	0.0000	1.1050	0.0000	0.0000
132-1	0.9850	0.0000	0.0000	0.0000	0.0000	0.0000	0.0150	0.9200	0.0000	0.0000
133-8	1.6950	0.0000	0.0000	0.0000	0.0000	0.0050	0.0050	1.5850	0.0000	0.0000
134-10	0.0050	0.0550	0.0050	0.4900	0.2900	0.0100	0.0450	0.0600	0.0000	0.4650
135-7	0.0000	0.0850	0.0050	0.3300	0.4850	0.0050	0.0300	0.1000	0.0050	0.5000
136-7	0.4250	0.0000	0.0000	0.0000	0.0000	0.0250	0.3950	0.1100	0.0000	0.0000
137-5	0.0000	0.0000	0.0050	0.4550	0.4750	0.4550	0.0250	0.0300	0.0050	0.0300
138-8	0.0000	0.0200	0.0000	0.1500	0.0300	0.0100	1.8700	0.0700	0.0000	0.0700
139-5	0.0000	0.0150	0.0100	0.4700	0.0150	0.2450	0.3400	0.5200	0.0050	0.0300
140-8	0.1250	0.0000	0.0000	0.0000	0.0050	0.2450	0.2750	0.3000	0.0000	0.0000
141-1	0.9200	0.0000	0.0200	0.0000	0.0350	0.0000	0.0900	0.9850	0.0100	0.0150
142-1	3.0700	0.0000	0.0000	0.0000	0.0000	0.0000	0.0000	0.0000	0.0000	0.0000
143-8	0.6300	0.0450	0.1100	0.0450	0.7600	0.0000	0.0650	0.1100	0.0350	0.0050
144-1	3.4750	0.0000	0.0000	0.0000	0.0000	0.0000	0.0250	0.6250	0.0000	0.0000
145-1	6.3650	0.0000	0.0000	0.0000	0.0000	0.0000	0.0000	0.0050	0.0000	0.0000
146-7	0.0550	0.0000	0.0000	0.0000	0.0100	0.0000	0.8100	0.7500	0.0000	0.0300
147-1	1.1150	0.0000	0.0000	0.0000	0.0000	0.0100	1.1200	0.0550	0.0000	0.0000
148-8	0.0650	0.0000	0.0000	0.0000	0.0200	0.0950	0.6750	0.6650	0.0050	0.0050
149-7	0.8400	0.0000	0.0000	0.0000	0.0000	0.0000	0.8700	0.0850	0.0000	0.0000
